+------------------------------------------------------------------------------------------------------------------------------------------------------------------------------------------------------------------+
; Legal Partition Candidates                                                                                                                                                                                       ;
+-------------+-------+----------------+--------------+----------------+--------+-----------------+---------------+-----------------+-------+----------------+--------------+------------------+-------------------+
; Hierarchy   ; Input ; Constant Input ; Unused Input ; Floating Input ; Output ; Constant Output ; Unused Output ; Floating Output ; Bidir ; Constant Bidir ; Unused Bidir ; Input only Bidir ; Output only Bidir ;
+-------------+-------+----------------+--------------+----------------+--------+-----------------+---------------+-----------------+-------+----------------+--------------+------------------+-------------------+
; m8|a|adder4 ; 5     ; 0              ; 0            ; 0              ; 3      ; 0               ; 0             ; 0               ; 0     ; 0              ; 0            ; 0                ; 0                 ;
; m8|a|adder3 ; 5     ; 0              ; 0            ; 0              ; 3      ; 0               ; 0             ; 0               ; 0     ; 0              ; 0            ; 0                ; 0                 ;
; m8|a|adder2 ; 5     ; 0              ; 0            ; 0              ; 3      ; 0               ; 0             ; 0               ; 0     ; 0              ; 0            ; 0                ; 0                 ;
; m8|a|adder1 ; 5     ; 0              ; 0            ; 0              ; 3      ; 0               ; 0             ; 0               ; 0     ; 0              ; 0            ; 0                ; 0                 ;
; m8|a        ; 17    ; 1              ; 0            ; 1              ; 9      ; 1               ; 1             ; 1               ; 0     ; 0              ; 0            ; 0                ; 0                 ;
; m8|m2       ; 8     ; 0              ; 0            ; 0              ; 8      ; 0               ; 0             ; 0               ; 0     ; 0              ; 0            ; 0                ; 0                 ;
; m8|m1       ; 8     ; 0              ; 0            ; 0              ; 8      ; 0               ; 0             ; 0               ; 0     ; 0              ; 0            ; 0                ; 0                 ;
; m8          ; 16    ; 0              ; 0            ; 0              ; 9      ; 0               ; 0             ; 0               ; 0     ; 0              ; 0            ; 0                ; 0                 ;
; m7|a|adder4 ; 5     ; 0              ; 0            ; 0              ; 3      ; 0               ; 0             ; 0               ; 0     ; 0              ; 0            ; 0                ; 0                 ;
; m7|a|adder3 ; 5     ; 0              ; 0            ; 0              ; 3      ; 0               ; 0             ; 0               ; 0     ; 0              ; 0            ; 0                ; 0                 ;
; m7|a|adder2 ; 5     ; 0              ; 0            ; 0              ; 3      ; 0               ; 0             ; 0               ; 0     ; 0              ; 0            ; 0                ; 0                 ;
; m7|a|adder1 ; 5     ; 0              ; 0            ; 0              ; 3      ; 0               ; 0             ; 0               ; 0     ; 0              ; 0            ; 0                ; 0                 ;
; m7|a        ; 17    ; 1              ; 0            ; 1              ; 9      ; 1               ; 1             ; 1               ; 0     ; 0              ; 0            ; 0                ; 0                 ;
; m7|m2       ; 8     ; 0              ; 0            ; 0              ; 8      ; 0               ; 0             ; 0               ; 0     ; 0              ; 0            ; 0                ; 0                 ;
; m7|m1       ; 8     ; 0              ; 0            ; 0              ; 8      ; 0               ; 0             ; 0               ; 0     ; 0              ; 0            ; 0                ; 0                 ;
; m7          ; 16    ; 0              ; 0            ; 0              ; 9      ; 0               ; 0             ; 0               ; 0     ; 0              ; 0            ; 0                ; 0                 ;
; m6|a|adder4 ; 5     ; 0              ; 0            ; 0              ; 3      ; 0               ; 0             ; 0               ; 0     ; 0              ; 0            ; 0                ; 0                 ;
; m6|a|adder3 ; 5     ; 0              ; 0            ; 0              ; 3      ; 0               ; 0             ; 0               ; 0     ; 0              ; 0            ; 0                ; 0                 ;
; m6|a|adder2 ; 5     ; 0              ; 0            ; 0              ; 3      ; 0               ; 0             ; 0               ; 0     ; 0              ; 0            ; 0                ; 0                 ;
; m6|a|adder1 ; 5     ; 0              ; 0            ; 0              ; 3      ; 0               ; 0             ; 0               ; 0     ; 0              ; 0            ; 0                ; 0                 ;
; m6|a        ; 17    ; 1              ; 0            ; 1              ; 9      ; 1               ; 1             ; 1               ; 0     ; 0              ; 0            ; 0                ; 0                 ;
; m6|m2       ; 8     ; 0              ; 0            ; 0              ; 8      ; 0               ; 0             ; 0               ; 0     ; 0              ; 0            ; 0                ; 0                 ;
; m6|m1       ; 8     ; 0              ; 0            ; 0              ; 8      ; 0               ; 0             ; 0               ; 0     ; 0              ; 0            ; 0                ; 0                 ;
; m6          ; 16    ; 0              ; 0            ; 0              ; 9      ; 0               ; 0             ; 0               ; 0     ; 0              ; 0            ; 0                ; 0                 ;
; m5|a|adder4 ; 5     ; 0              ; 0            ; 0              ; 3      ; 0               ; 0             ; 0               ; 0     ; 0              ; 0            ; 0                ; 0                 ;
; m5|a|adder3 ; 5     ; 0              ; 0            ; 0              ; 3      ; 0               ; 0             ; 0               ; 0     ; 0              ; 0            ; 0                ; 0                 ;
; m5|a|adder2 ; 5     ; 0              ; 0            ; 0              ; 3      ; 0               ; 0             ; 0               ; 0     ; 0              ; 0            ; 0                ; 0                 ;
; m5|a|adder1 ; 5     ; 0              ; 0            ; 0              ; 3      ; 0               ; 0             ; 0               ; 0     ; 0              ; 0            ; 0                ; 0                 ;
; m5|a        ; 17    ; 1              ; 0            ; 1              ; 9      ; 1               ; 1             ; 1               ; 0     ; 0              ; 0            ; 0                ; 0                 ;
; m5|m2       ; 8     ; 0              ; 0            ; 0              ; 8      ; 0               ; 0             ; 0               ; 0     ; 0              ; 0            ; 0                ; 0                 ;
; m5|m1       ; 8     ; 0              ; 0            ; 0              ; 8      ; 0               ; 0             ; 0               ; 0     ; 0              ; 0            ; 0                ; 0                 ;
; m5          ; 16    ; 0              ; 0            ; 0              ; 9      ; 0               ; 0             ; 0               ; 0     ; 0              ; 0            ; 0                ; 0                 ;
; m4|a|adder4 ; 5     ; 0              ; 0            ; 0              ; 3      ; 0               ; 0             ; 0               ; 0     ; 0              ; 0            ; 0                ; 0                 ;
; m4|a|adder3 ; 5     ; 0              ; 0            ; 0              ; 3      ; 0               ; 0             ; 0               ; 0     ; 0              ; 0            ; 0                ; 0                 ;
; m4|a|adder2 ; 5     ; 0              ; 0            ; 0              ; 3      ; 0               ; 0             ; 0               ; 0     ; 0              ; 0            ; 0                ; 0                 ;
; m4|a|adder1 ; 5     ; 0              ; 0            ; 0              ; 3      ; 0               ; 0             ; 0               ; 0     ; 0              ; 0            ; 0                ; 0                 ;
; m4|a        ; 17    ; 1              ; 0            ; 1              ; 9      ; 1               ; 1             ; 1               ; 0     ; 0              ; 0            ; 0                ; 0                 ;
; m4|m2       ; 8     ; 0              ; 0            ; 0              ; 8      ; 0               ; 0             ; 0               ; 0     ; 0              ; 0            ; 0                ; 0                 ;
; m4|m1       ; 8     ; 0              ; 0            ; 0              ; 8      ; 0               ; 0             ; 0               ; 0     ; 0              ; 0            ; 0                ; 0                 ;
; m4          ; 16    ; 0              ; 0            ; 0              ; 9      ; 0               ; 0             ; 0               ; 0     ; 0              ; 0            ; 0                ; 0                 ;
; m3|a|adder4 ; 5     ; 0              ; 0            ; 0              ; 3      ; 0               ; 0             ; 0               ; 0     ; 0              ; 0            ; 0                ; 0                 ;
; m3|a|adder3 ; 5     ; 0              ; 0            ; 0              ; 3      ; 0               ; 0             ; 0               ; 0     ; 0              ; 0            ; 0                ; 0                 ;
; m3|a|adder2 ; 5     ; 0              ; 0            ; 0              ; 3      ; 0               ; 0             ; 0               ; 0     ; 0              ; 0            ; 0                ; 0                 ;
; m3|a|adder1 ; 5     ; 0              ; 0            ; 0              ; 3      ; 0               ; 0             ; 0               ; 0     ; 0              ; 0            ; 0                ; 0                 ;
; m3|a        ; 17    ; 1              ; 0            ; 1              ; 9      ; 1               ; 1             ; 1               ; 0     ; 0              ; 0            ; 0                ; 0                 ;
; m3|m2       ; 8     ; 0              ; 0            ; 0              ; 8      ; 0               ; 0             ; 0               ; 0     ; 0              ; 0            ; 0                ; 0                 ;
; m3|m1       ; 8     ; 0              ; 0            ; 0              ; 8      ; 0               ; 0             ; 0               ; 0     ; 0              ; 0            ; 0                ; 0                 ;
; m3          ; 16    ; 0              ; 0            ; 0              ; 9      ; 0               ; 0             ; 0               ; 0     ; 0              ; 0            ; 0                ; 0                 ;
; m2|a|adder4 ; 5     ; 0              ; 0            ; 0              ; 3      ; 0               ; 0             ; 0               ; 0     ; 0              ; 0            ; 0                ; 0                 ;
; m2|a|adder3 ; 5     ; 0              ; 0            ; 0              ; 3      ; 0               ; 0             ; 0               ; 0     ; 0              ; 0            ; 0                ; 0                 ;
; m2|a|adder2 ; 5     ; 0              ; 0            ; 0              ; 3      ; 0               ; 0             ; 0               ; 0     ; 0              ; 0            ; 0                ; 0                 ;
; m2|a|adder1 ; 5     ; 0              ; 0            ; 0              ; 3      ; 0               ; 0             ; 0               ; 0     ; 0              ; 0            ; 0                ; 0                 ;
; m2|a        ; 17    ; 1              ; 0            ; 1              ; 9      ; 1               ; 1             ; 1               ; 0     ; 0              ; 0            ; 0                ; 0                 ;
; m2|m2       ; 8     ; 0              ; 0            ; 0              ; 8      ; 0               ; 0             ; 0               ; 0     ; 0              ; 0            ; 0                ; 0                 ;
; m2|m1       ; 8     ; 0              ; 0            ; 0              ; 8      ; 0               ; 0             ; 0               ; 0     ; 0              ; 0            ; 0                ; 0                 ;
; m2          ; 16    ; 0              ; 0            ; 0              ; 9      ; 0               ; 0             ; 0               ; 0     ; 0              ; 0            ; 0                ; 0                 ;
; m1|a|adder4 ; 5     ; 0              ; 0            ; 0              ; 3      ; 0               ; 0             ; 0               ; 0     ; 0              ; 0            ; 0                ; 0                 ;
; m1|a|adder3 ; 5     ; 0              ; 0            ; 0              ; 3      ; 0               ; 0             ; 0               ; 0     ; 0              ; 0            ; 0                ; 0                 ;
; m1|a|adder2 ; 5     ; 0              ; 0            ; 0              ; 3      ; 0               ; 0             ; 0               ; 0     ; 0              ; 0            ; 0                ; 0                 ;
; m1|a|adder1 ; 5     ; 0              ; 0            ; 0              ; 3      ; 0               ; 0             ; 0               ; 0     ; 0              ; 0            ; 0                ; 0                 ;
; m1|a        ; 17    ; 1              ; 0            ; 1              ; 9      ; 1               ; 1             ; 1               ; 0     ; 0              ; 0            ; 0                ; 0                 ;
; m1|m2       ; 8     ; 0              ; 0            ; 0              ; 8      ; 0               ; 0             ; 0               ; 0     ; 0              ; 0            ; 0                ; 0                 ;
; m1|m1       ; 8     ; 0              ; 0            ; 0              ; 8      ; 0               ; 0             ; 0               ; 0     ; 0              ; 0            ; 0                ; 0                 ;
; m1          ; 16    ; 0              ; 0            ; 0              ; 9      ; 0               ; 0             ; 0               ; 0     ; 0              ; 0            ; 0                ; 0                 ;
+-------------+-------+----------------+--------------+----------------+--------+-----------------+---------------+-----------------+-------+----------------+--------------+------------------+-------------------+
